20000 101 10 0.344417384969622 0 0
-0.911719699928387 7.17852266421515 2.71636625640056 0.324053289766741 -0.209261729955317 2.88963420443356 0.185580008308217 -0.239388411879753 -0.776869098089683 2.06872328501488
-2.50611585211008 2.82625959540996 0.309414868310376 0.940639097526288 0.29086141438348 -0.108852232774556 -0.802996516861695 1.23947115638648 -0.783890992814078 -5.96676468918051
2.00313534558664 3.51090235296123 -0.946672557206537 1.51245363139812 -0.0824349757507544 2.33647437831237 0.86848364808774 1.77244867089 -0.784741789074139 1.62005045970123
-0.0553652945335522 2.67854276383923 -0.0180105320457024 2.26544409730177 -2.22238907270169 -0.387997806373507 1.73401519511663 -1.51473396902014 -0.991119881447423 -0.761483638678622
2.07076691841771 4.46818748597238 0.993855666822478 -1.21626787400232 -1.97168752182086 0.373021432246985 0.777667036658785 -1.40766109092986 -1.82041080740909 3.87516897762487
-0.24222314252505 3.0761867802048 1.00308558919737 1.63158887506366 0.472761237992087 -0.0808597244817618 2.12306672021029 -0.875548856346749 -1.1518101847766 0.945035648654998
-0.736035872868258 3.47304110890246 -1.52625942648181 2.6298734992066 -0.252146760532766 2.31826052091385 1.70995772068945 -4.18970471911882 -0.478399423756644 6.09776667160521
0.0320925706055353 3.73249897843439 -0.85838368467383 -0.0840470643234329 0.690146220491367 0.307108167623569 3.28254665719221 -1.30188115149651 -0.345170874445795 -2.60993344883009
-1.93257463850176 0.293540807948283 -0.351159978641775 0.268213839603454 0.41061183934625 1.31494871139609 1.05360744751373 -3.28688588516508 0.282699808842666 -6.15124258287912
0.922790101474621 4.65127757184071 0.00872528864408531 1.48389315213821 -0.101022114977601 4.45401214991829 0.930179877183457 -0.111701081360585 -0.336430066778362 4.63003534368377
1.06659704097927 0.354405128899188 0.694765854744337 -0.234717645665226 -1.88922805341498 0.612988478201083 -0.544160480000875 0.70400226981048 -0.329008149189727 -3.33864157686131
0.283068349037121 8.26675618115932 0.105703744762783 -1.01683337442191 -1.14352226852789 2.7562927908398 5.59567335829506 -2.09756789333148 -0.65544858702756 2.41598175981466
-1.74261925495941 2.05370511762572 0.872350560328815 1.21577141976071 0.768723304651879 1.33402197284699 0.634325685476201 -0.998831075021202 -0.272917336527203 3.63436103884142
0.950896213812512 -1.60243617312941 0.574724086406465 2.54062544290099 0.537517036302566 0.457395510616506 0.542566981753105 -0.814823920266498 -0.506661686532302 -0.0979391717868597
1.0144269043015 7.31152993236349 1.43186446118385 -0.0565971637287888 1.50528599422178 2.59643097019332 2.69084125474935 1.20233043738473 -1.46363226154662 4.41114102021784
0.538641765167882 0.64924089042306 -0.175009995472106 0.689140795609726 0.5347433935087 -1.55854285826321 0.287756789873383 0.356892050986967 -1.25752944512482 -8.06455868684
0.316171136882461 3.51538506764013 1.28234114015009 -1.16603435522491 -1.95938377955773 3.02685877590118 -0.880692641774666 0.696692947952441 -0.225893584832218 -1.05302126743436
0.0816593033397478 4.50875982393587 1.22800490922954 0.875952637332951 1.00813852806428 1.20730005106208 0.482431129117487 -0.9741235973257 -1.07739671426836 10.4938196047391
-1.62444957649919 3.80993459516429 0.849594830929533 1.63258104950166 1.67568802088661 2.22989230503178 2.15414461531383 -0.0690691090873395 -0.732939104261215 1.00891860559581
2.18869395089733 1.22596417018949 0.60698091882663 -0.726468573101991 -0.63709481658073 0.844294673713213 -0.419021001306215 -0.698336859767977 -0.465476292265851 1.31206016303675
0.748349422375983 0.314904303312147 1.43589788891975 0.0898480461159034 -0.109299828987169 1.4488258960352 0.48349901598772 -1.5546211166441 -0.0414410932838913 -7.04748940306839
0.457538894226628 6.93253936355029 -0.669063192245434 0.170611788412238 0.870993499065925 3.04633979252235 2.38668814386473 1.16511725646515 -0.255740312853211 1.94334711116961
2.42381649767147 1.32029668910356 0.955045161039204 -0.937224355511051 -1.01809979023125 1.21749939111838 1.59520859159318 -0.837537572271065 -0.568013236815508 3.25917535976193
-1.52509907708002 6.11438268947377 0.000879369617310805 1.82127803904489 -0.869736758840112 -0.333988661022823 2.09787408727897 -0.954715053458474 -0.281822691730251 -5.91763870647601
0.264210998555793 2.52434006924645 0.981209540664534 -1.28260414663012 1.5291931730647 0.583403779977967 -1.32497827932876 0.745830151806975 -1.44374321504673 2.74413297942307
0.353498352385342 0.921608548748579 1.69217671181977 1.85301869937307 -1.73520862131055 2.17460404443338 -1.37385997711691 -0.213974258263667 -0.111510268188299 1.26346786950998
0.253914517299937 0.2143435008241 -0.213468459379008 1.40413322203986 -0.728824049084373 0.642637170140103 2.5148904480516 -0.832729852364772 0.177379231889292 -7.76500740950578
-0.0704436223995855 1.49739948883446 0.553879384942352 1.35436453829499 2.93016325873166 0.733735398229025 -1.8452856463746 2.86963595380589 -0.453793555181293 -0.47090862122372
-1.00217742729599 4.17978948573541 -0.704606502678321 0.910148928730976 -0.113190927035689 2.81292188285833 4.07568322869277 -2.72090046299581 -0.110386195707542 4.33389680833659
0.862999377189396 1.41412799142337 -0.98202561108922 0.760432752918185 0.184476190306299 -1.09835258347683 1.60627812352065 -2.64678470274969 -1.06229435078535 -2.22221644172199
-1.77735097271998 4.12175158940795 0.472434421451217 -0.231606130926697 -0.131979986046522 3.1189394494417 -1.73520797440497 -0.990054392441073 -0.665320416083698 4.25599812288768
-0.617796313962613 9.09224767562137 -0.820514142342888 -0.562461922200479 -1.94935715094794 1.86344375783838 4.29607911410397 -2.40319572994062 -0.520544131706774 8.41637146951673
2.81834974313715 0.677433251162338 0.785979660913457 -1.86172099509221 -0.182928746399227 -0.634154773529723 2.02976798475088 -0.214796674927264 0.763095762765162 -8.06268636974222
-0.245210198578599 -1.57082160324389 0.0574914699072575 0.425710769328968 -0.840736361342734 1.09728407189359 2.08909760379557 -2.37087436873736 0.0115784428992946 -9.90375785080106
0.656353771786948 6.34979903450673 -3.00788704301413 -1.07788746802186 0.576786684298638 2.2049461759795 -0.519715893756471 -0.0446621752650609 -1.45440802999283 3.64381834324864
-0.0579243636876177 2.97229865686221 -0.431502911706576 0.756289199193844 0.568574909524699 -1.31433097418152 1.53934678335163 -1.83813900631351 -1.57959119915429 -4.39068003892687
0.831286600025609 2.80253636658982 1.76476207683392 1.04622788716354 0.683742383437306 4.11206427942403 -0.300243921210238 -1.35032699841199 -0.361315793748447 8.96301503063924
0.577300410798424 0.265399027666887 -0.17458990972297 0.76736598168663 0.363235020193631 1.92533248186298 1.74480750374023 -1.09517288204334 -0.124708062611497 -0.061553672495427
0.609205453208666 0.556431190435532 0.876508503482326 -1.54554300059148 0.233054436048826 0.989810552252759 0.586950169314189 -1.0456173231268 -0.633361161388178 -2.08497419458837
0.00641595565962616 7.12980154684923 0.972595192680628 0.862779349089614 -2.66468891787204 1.96458371404631 0.716826024755854 -2.04233085338351 -0.600502532377592 10.4152731683884
-0.176662461608876 1.86437569783761 0.947687226835462 1.99682597145195 1.73958482581617 1.4530751412339 -0.0190796928906862 -1.6535382918931 -1.1076017036381 4.69870952391147
0.389415981083311 2.56865515468107 0.0480191932420515 1.33114738439648 0.247569240591833 0.0265975726113386 1.49719902245164 -1.33858042905987 0.35628281527309 -5.69019113113226
-0.325446058541313 -0.657956033263756 -0.0920796561580595 1.32681481321521 -0.573664163962534 2.32172951285535 -1.35142482851243 1.67244299987848 -0.605383827907187 -1.50388467772601
0.809338779477953 4.41508830549959 0.0279202693432903 0.988612834291801 2.78056485918032 2.7690380167135 1.90113355349811 -1.27824723279724 -0.669004546217016 7.63165483636376
0.682416890693118 0.682236724800007 1.51025687412147 1.03872235731653 2.53127017632202 0.183039503912332 2.39417881330977 -0.761696926681308 -1.54560793238864 0.131860067818629
-2.41668807459216 2.06764063658258 -0.669787724529075 0.892275839559827 0.867517597919815 -1.04962491586484 1.33917775066544 -1.26441535571373 -1.53734831420711 1.73161484713829
-0.153525937227574 1.08661048379631 -1.30719083042165 -0.555040051225064 0.458484782850319 1.47458815398816 3.10356546538251 -0.991704823771112 -0.54860674183697 -3.86824005482976
-1.33779041283184 5.0269261569056 -1.5983735486965 0.6966877963636 0.304255073038237 2.50779037431203 4.11814491780198 -1.55411277733513 -0.147489018492359 4.1330086401277
0.780108781664714 3.59992535579695 1.94122555931551 0.122673692674729 1.8233771393476 0.419946762791453 0.929985557715273 -0.844737980004891 -0.125588255878693 -1.68664331392033
-0.0167102715116076 0.418798752578625 0.313842849448763 0.00325247300972997 -0.533647167388002 0.238076458498869 0.087544159263347 -0.063910194231258 0.143383382535204 -4.34408816615707
-1.27425771254192 0.410923963062991 -1.32116390800959 2.93721235220024 -0.0474827555861424 0.601284801656116 0.410353953414426 0.108488233524263 0.143017752365852 -6.61179106670813
0.396968393251256 0.594266262760615 0.689952702716168 1.63552044446499 0.965882009841723 -0.256084840599999 -0.121586392421518 0.267092736142508 0.476189196869209 -3.00097035157069
0.750234531623779 4.88988525736078 -0.207094516610269 0.179038563540592 0.844609559869488 2.45624487296283 0.00766092239336884 0.432620268239828 -0.765383919503796 -5.27508341976654
1.93518240298753 -0.292982318528078 1.16446219246994 -0.0313265835366312 -0.559560134741723 0.218964896940038 -0.149524940858416 0.560606160138519 -0.123915589145538 -1.77716985033489
0.57090449027111 5.14501694615598 1.76689981929409 -0.225745165109625 -0.997641548816513 0.969476718842083 3.44044739799152 -1.56981181311234 -1.05866804371622 -4.03752113833171
-0.355735015384859 0.253032986699838 1.24664362937044 0.708355661277977 0.329806037638025 2.88598357183306 -0.158744300583942 0.25341621387373 0.00703200107999535 -2.81263125885618
0.21689187312962 4.30707099522448 0.215878736855441 -0.470509110288069 1.06155885295281 1.09116281206256 1.03471191911954 -1.27351523769692 -0.09785158749265 4.13485999770915
0.0293691913021965 6.23963818724613 -0.148235660043727 0.623057495921393 1.23777217136579 2.27178858959549 2.55366697177077 -3.02736507688803 -1.4109184087221 8.43672405556243
1.21974453296786 3.53042147267197 -0.850393822165982 -0.312472920040452 0.21736166603999 0.700166246304585 0.691570208105371 -0.936308821801253 -1.00081097825 -1.79281552091922
1.38517897147389 -1.91923141478434 0.528603993931313 1.85520159892946 1.95740439070413 -0.978173857632735 1.09880320813508 0.346829236954237 -0.609901709363695 -8.48726732697516
-1.22878328852505 1.29421464418125 1.06664983088139 -0.667809678282899 0.0999730238697324 0.0885013919102091 2.36214225849361 -1.56940074670457 -0.90407158946014 -4.22711185570077
-3.63286692873109 6.91359948352967 -0.653422626108959 1.46893571378127 -0.753385016738794 3.33130395660356 1.38489075518087 -0.0702207374435118 -0.153050440829131 3.02039755233727
0.967758838880579 5.24368334812679 2.31780226311453 1.39113777297544 -1.53325752028027 0.0616997979442713 2.73480803758994 -1.74275706302703 -0.752729289203181 6.37137112992126
-1.46247089085681 3.38434641510855 -0.0198603164613536 1.92084217618158 0.3223720821622 1.73814116336072 -1.24472425012423 1.12125394605269 -0.178669646776916 -1.65108416819866
1.17439662844056 7.8549219900502 1.99827620268576 -0.35724792092621 -1.83318114223158 2.38057174237494 -1.69288295777791 0.709747337812927 -0.363768486709192 11.0124787695557
0.047373421433651 2.16607351451964 -1.7575182712657 0.697830391802114 -0.202729945091487 -1.47111728342427 4.09044237245826 -4.14668875163892 0.621392626164716 -5.21289223411563
-0.816385345176849 1.93041397043868 0.135668024561127 0.415587490541132 -1.42525261231698 0.855717905961933 4.92866660878598 -3.01775155491528 0.859786019189289 -1.61132034110462
-0.113951428750462 9.54279068190782 0.960595098610404 0.0176559278798124 0.113574061089059 3.2904015501799 4.43268621362986 -5.23456632091699 -0.596571173661939 11.543275415094
0.757042237011944 2.27117492903479 -0.306392944273404 -0.571438471676478 0.214918383178877 0.948132082128491 -0.525457694580776 1.22940436578876 -0.559852308531713 -2.12772839481081
3.70443037420854 4.39544826310827 -1.36447166470995 -1.36215924641485 -1.93748419571718 1.36261678907629 1.68245579529811 -2.99898429611659 -0.704216844379237 5.02961328915038
0.670203220517842 2.02218896162725 1.99757131368612 0.386275741146947 -0.0309554764028136 1.78758965486104 1.56707721896288 -1.81817345385191 -0.988322983289636 2.21070513017514
-0.119642625777201 -0.319572736345035 -0.692085891501379 0.33856621156469 0.343187388619127 -0.730267503217053 0.0998658792205948 1.02681825865027 -0.0345546759074603 -4.85913086018715
-0.259871987420588 5.57931764902133 1.12805447617964 -1.11656866012713 -1.59509858539123 0.352942970790604 2.47639978713418 -2.13283186120208 -0.39072722665026 0.233363676715197
0.378800530373945 0.221268688737916 1.26720023224617 -1.01728267785569 1.75185669973124 1.59510248346024 0.158789162138672 -1.27429902078391 0.838878581669531 -1.07621164653073
0.79208384717813 1.79637630737011 3.0353072179333 -0.286326075140212 -0.742673594819172 -0.114759088324374 0.764412223120558 -1.80275590501698 -0.5045465045088 3.8996395026925
-1.42044661276511 1.25187298524114 1.66554475818365 2.09661416463111 -0.939415793092369 2.82523869148898 1.2746069900605 0.882149661734132 -0.577918894705962 -0.14061784117987
-0.154262666164643 6.21319133009295 -1.62217613614872 0.83121555130642 1.02768051999257 2.2155616446231 1.65560237542976 -0.223259619181825 -0.5464868979026 7.00769455960177
-2.42769764016904 1.8062301252096 -1.2181039807297 1.03170076039584 2.51979569167648 0.888268991463473 1.11947501178051 -0.0174712155072429 -0.719725903750359 -0.136238971501515
0.899298215279932 1.19054199730113 0.0911943933941908 0.881412933282473 0.82866591575055 1.27781673157257 1.37131100903839 -0.422450129626994 -0.108809556367565 -0.644473126995534
-0.27944811234116 1.04035697694898 -1.18982258904689 -0.0312508866030386 1.11185367982361 3.13525386762953 1.59938457455082 0.036270405028391 -0.444597988448751 -0.779698069802906
1.6619721682118 0.851337027642133 -0.112451610800678 2.00794663132935 -0.0309169014939535 -0.943471104793869 3.37275913005927 -3.00524568623697 -0.667460405648834 0.402651558145804
1.13657034218398 0.201986132016996 -0.990162294511532 -0.245079286725771 1.13843358375899 -0.716947467209586 -0.852889722037534 1.31479393401054 -1.85278084735192 -7.93976479045232
0.223115446121936 0.853538559561584 -0.571931009050774 0.743692566375322 -0.645802987230242 3.60227160342167 -0.53211469065017 -0.647846942244532 -0.158674151299378 1.27669948629788
3.77836393581718 -0.502884248767905 0.631552552269095 -0.776191863564439 0.955858146635879 1.65129334038324 0.15749477042116 -0.909133115558923 0.112560473979501 -0.563744834605008
0.165730622063585 1.43750422160968 -0.735204757473367 -0.152922205379405 -0.132856837171865 0.333029199370815 0.495659129184647 -0.547993080286952 0.0877299008932435 -10.7616513445309
1.80412722229958 1.78822627153718 -0.0158830093740308 1.01592355887768 -0.146474678119954 -0.360242012633068 1.61089985722849 -0.220210356496909 -0.379026398462147 -4.02087376465109
-0.420904908635377 4.63865463264509 1.05644811012129 1.47426038091541 0.900488579446342 0.836086687778227 4.45850054025123 -0.819637805087519 -0.0115889318244602 -6.18376663531709
-0.70406195963806 1.65717443975842 0.661957812599573 1.10507173808591 -0.642417521977432 1.85427370957053 1.55492459502173 -0.958483774992446 -0.501983313886403 -2.5900438893872
0.283483540643564 1.23026258807906 0.918029436707457 0.699567656063739 -0.233809020890452 1.08797289627616 -0.0970487455392188 0.179542422521729 0.0551079627010553 -1.01741783008731
1.22340027502382 -0.653665581805998 1.35459434640534 0.80233617282168 1.14261218133021 0.106627100961617 -0.834765472980688 1.00665381758311 -0.155900230570062 -0.353714017140733
0.271987050820964 -0.439033387635446 2.34225486450543 1.80863027840345 -1.03471568501171 -0.643997126747208 -1.41282574708566 0.574680663289227 0.146148389108511 -3.76842974431436
0.628282849743545 3.63557598773443 -0.0325782843430826 1.09210014308251 -0.238551948489942 -1.10602931981915 2.35596567448071 -1.17098033328858 0.0927784404108798 -1.73663767847228
-1.1097202590153 2.63508149836704 0.73167942011152 -0.669055981390856 1.96762755002842 1.87040028434851 3.83946410736606 -4.1597165914166 -0.44825354727098 3.93433494507648
-0.325843121304447 -0.701776914774478 -0.54310470465332 2.02984180841546 0.531591458233494 -0.601389216125471 4.28470486854361 -1.81695960158271 -0.792427799906475 -11.0648605445499
0.605409351712864 -0.194512251476484 0.62129252809489 1.30988635749522 0.765345180625954 2.65750919836464 -0.880799823986095 0.416411306414045 -0.301698346016954 -1.24689476322255
-0.0689995781034448 5.33049900809808 0.983436729608073 1.02247645049923 -1.44145735324064 3.04652349297666 1.69850192709296 -0.901483778389573 -0.386472664055883 8.01777478641675
-0.810090299921179 4.15149103672564 0.454225053311931 -0.978789136318056 0.213911164602225 2.59824349975325 1.07208144526933 -0.625976605549967 -0.699413202778489 -0.460189153879474
0.355883313384384 -0.336119799031972 -0.094769194195215 0.277353128448198 2.09355079504199 -1.11794920841918 1.02831684912934 -1.85803336547433 0.0128464325142665 -1.22016772308388
0.242500495257158 1.4356889543136 1.76412566460333 0.366706044630029 0.307142202391913 0.913432223877556 -1.02276126589155 -1.13769523321381 -0.408957822975136 5.92643504245414
2.1974972897607 5.22635936259228 0.242328087142704 0.88140132644283 -1.14399367531292 2.82316404315821 -0.784011989974279 -0.781217358118699 -0.100123150960477 3.06639893122303
-0.720122205676604 1.78848623688412 -2.55263277895725 -0.39127190974043 0.283363382646737 0.931449826563252 4.58722949462984 -3.97356039683234 0.0788946414206939 0.0584051426514365
